Time	A1	A2	A3	A4	A5	A6	A7	A8	A9	A10	A11	A12	B1	B2	B3	B4	B5	B6	B7	B8	B9	B10	B11	B12	C1	C2	C3	C4	C5	C6	C7	C8	C9	C10	C11	C12	D1	D2	D3	D4	D5	D6	D7	D8	D9	D10	D11	D12	E1	E2	E3	E4	E5	E6	E7	E8	E9	E10	E11	E12	F1	F2	F3	F4	F5	F6	F7	F8	F9	F10	F11	F12	G1	G2	G3	G4	G5	G6	G7	G8	G9	G10	G11	G12	H1	H2	H3	H4	H5	H6	H7	H8	H9	H10	H11	H12
1	-0.002	0.013	0.012	0.017	0.021	0.015	0.016	0.012	0.01	0.014	0.018	0.009	0.015	0	0.017	0.022	0.012	0.015	0.016	0.012	0.012	0.024	0.017	0.012	0.021	0.013	0.015	0.023	0.029	0.015	0.012	0.013	-0.002	0.027	0.018	0.016	0.018	0.014	0.007	0.019	-0.002	0.012	0.02	0.008	0.012	0.018	0	0.012	0.021	0.017	0.013	-0.002	0.015	0.01	0.018	0.016	0.001	0.012	0.021	0.018	0.017	0.017	0.009	0.014	0.015	0.012	0.021	-0.002	0.01	0.028	0.022	0.016	0.013	0.013	0.014	0.029	-0.002	-0.001	0.003	-0.003	-0.002	-0.002	-0.002	0.012	0.015	0.013	0.012	0.016	0.021	0.013	0.017	0.018	0.009	0.012	0.011	0.017
2	-0.002	0.014	0.013	0.018	0.02	0.017	0.017	0.013	0.011	0.016	0.013	0.01	0.016	0	0.019	0.019	0.011	0.016	0.017	0.015	0.014	0.013	0.018	0.013	0.023	0.014	0.016	0.021	0.019	0.016	0.013	0.014	-0.002	0.021	0.018	0.019	0.019	0.015	0.009	0.02	-0.001	0.008	0.02	0.008	0.011	0.018	0.001	0.014	0.021	0.019	0.014	-0.001	0.016	0.01	0.019	0.016	0.002	0.013	0.021	0.019	0.017	0.018	0.012	0.014	0.016	0.014	0.019	-0.001	0.012	0.049	0.022	0.018	0.013	0.014	0.016	0.017	-0.001	-0.001	0.003	-0.002	0	-0.001	-0.002	0.014	0.016	0.014	0.014	0.017	0.021	0.013	0.018	0.018	0.009	0.013	0.012	0.016
3	0	0.02	0.017	0.026	0.028	0.023	0.022	0.018	0.017	0.022	0.018	0.015	0.023	0	0.027	0.023	0.016	0.023	0.023	0.022	0.02	0.069	0.024	0.017	0.032	0.019	0.022	0.027	0.046	0.023	0.016	0.018	0	0.023	0.021	0.025	0.027	0.02	0.012	0.025	0	0.018	0.026	0.011	0.013	0.024	0.002	0.019	0.03	0.023	0.02	0	0.022	0.016	0.027	0.022	0.003	0.017	0.027	0.023	0.023	0.023	0.016	0.015	0.022	0.02	0.025	0.001	0.014	0.041	0.027	0.022	0.019	0.019	0.022	0.023	0.001	0.003	0.006	0	0	0.001	0	0.019	0.021	0.02	0.018	0.023	0.027	0.019	0.025	0.024	0.012	0.018	0.017	0.019
4	0	0.028	0.025	0.037	0.039	0.035	0.032	0.026	0.024	0.032	0.026	0.021	0.033	0	0.039	0.032	0.024	0.034	0.033	0.036	0.03	0.115	0.034	0.025	0.043	0.027	0.03	0.036	0.06	0.03	0.019	0.026	0.001	0.014	0.023	0.037	0.039	0.029	0.016	0.036	0.001	0.162	0.039	0.017	0.017	0.035	0.003	0.029	0.04	0.027	0.026	0.001	0.035	0.024	0.04	0.028	0.005	0.023	0.036	0.032	0.035	0.032	0.024	0.017	0.033	0.031	0.036	0.001	0.018	0.04	0.038	0.031	0.028	0.028	0.035	0.037	0.001	0.001	0.006	0	0.002	0.001	0.001	0.026	0.03	0.028	0.026	0.033	0.036	0.028	0.035	0.029	0.018	0.027	0.023	0.029
5	0	0.043	0.039	0.056	0.058	0.055	0.046	0.04	0.037	0.047	0.038	0.03	0.05	0	0.06	0.05	0.035	0.046	0.05	0.058	0.038	0.077	0.051	0.038	0.063	0.038	0.042	0.053	0.075	0.046	0.026	0.036	0	0.06	0.026	0.053	0.058	0.042	0.022	0.054	0.001	0.292	0.057	0.026	0.021	0.053	0.003	0.045	0.061	0.041	0.039	0.001	0.054	0.038	0.059	0.045	0.008	0.033	0.052	0.046	0.052	0.046	0.037	0.017	0.048	0.045	0.047	0.001	0.022	0.088	0.057	0.046	0.039	0.042	0.057	0.073	0.001	0.001	0.006	0	0.002	0.001	0.001	0.038	0.048	0.041	0.039	0.049	0.054	0.043	0.055	0.042	0.027	0.041	0.036	0.042
6	0	0.072	0.062	0.086	0.096	0.086	0.077	0.065	0.061	0.076	0.06	0.049	0.078	0	0.098	0.082	0.051	0.069	0.083	0.098	0.049	0.066	0.077	0.061	0.101	0.059	0.06	0.083	0.115	0.075	0.034	0.057	0.001	0.046	0.03	0.084	0.091	0.068	0.034	0.085	0.001	0.31	0.101	0.041	0.029	0.08	0.003	0.069	0.092	0.062	0.06	0.001	0.088	0.063	0.1	0.066	0.011	0.052	0.085	0.077	0.084	0.073	0.058	0.019	0.079	0.075	0.072	0.001	0.027	0.099	0.086	0.071	0.066	0.066	0.093	0.088	0	0.001	0.006	0	0.002	0.001	0.001	0.059	0.076	0.065	0.064	0.081	0.087	0.071	0.085	0.067	0.043	0.067	0.06	0.065
7	0	0.114	0.098	0.137	0.158	0.138	0.127	0.109	0.097	0.121	0.096	0.078	0.127	0	0.154	0.135	0.085	0.108	0.134	0.171	0.064	0.172	0.123	0.098	0.157	0.094	0.091	0.133	0.167	0.12	0.047	0.09	0	0.054	0.032	0.135	0.147	0.109	0.051	0.145	0.001	0.301	0.155	0.066	0.041	0.125	0.003	0.112	0.145	0.103	0.095	0.001	0.136	0.103	0.165	0.109	0.018	0.084	0.142	0.126	0.138	0.121	0.092	0.021	0.128	0.126	0.118	0.001	0.034	0.154	0.14	0.117	0.111	0.109	0.154	0.14	0.001	0.004	0.006	0	0.002	0.001	0	0.096	0.124	0.108	0.104	0.132	0.14	0.119	0.136	0.11	0.07	0.113	0.098	0.101
8	-0.002	0.19	0.161	0.222	0.252	0.236	0.207	0.175	0.157	0.197	0.155	0.126	0.208	0	0.244	0.219	0.133	0.168	0.217	0.288	0.084	0.259	0.195	0.16	0.255	0.151	0.141	0.212	0.258	0.187	0.06	0.139	-0.002	0.09	0.034	0.218	0.236	0.187	0.076	0.224	-0.002	0.567	0.249	0.103	0.057	0.19	0	0.179	0.242	0.165	0.147	-0.002	0.207	0.163	0.267	0.184	0.025	0.134	0.212	0.203	0.226	0.194	0.14	0.021	0.205	0.216	0.19	-0.001	0.05	0.288	0.23	0.191	0.182	0.173	0.255	0.232	-0.001	0.002	0.004	-0.002	-0.001	-0.001	-0.002	0.155	0.204	0.178	0.168	0.217	0.225	0.193	0.222	0.179	0.118	0.185	0.161	0.16
9	0	0.317	0.272	0.352	0.401	0.376	0.337	0.291	0.262	0.323	0.26	0.212	0.335	0	0.385	0.359	0.208	0.263	0.356	0.476	0.119	0.441	0.317	0.272	0.404	0.25	0.23	0.34	0.394	0.306	0.088	0.232	0.001	0.141	0.042	0.358	0.38	0.299	0.116	0.361	0.001	0.702	0.406	0.17	0.088	0.294	0.003	0.287	0.384	0.276	0.244	0.001	0.307	0.276	0.418	0.293	0.043	0.224	0.336	0.328	0.366	0.318	0.219	0.028	0.335	0.349	0.295	0.001	0.073	0.379	0.367	0.309	0.304	0.284	0.409	0.36	0	0.002	0.006	0	0.002	0.001	0.001	0.261	0.333	0.298	0.276	0.342	0.362	0.317	0.357	0.295	0.198	0.305	0.271	0.272
10	0	0.504	0.437	0.546	0.609	0.564	0.557	0.49	0.426	0.498	0.416	0.337	0.519	0	0.583	0.555	0.341	0.397	0.542	0.717	0.154	0.989	0.489	0.424	0.604	0.397	0.361	0.527	0.585	0.46	0.122	0.365	0	0.241	0.05	0.56	0.573	0.484	0.183	0.562	0.001	0.708	0.622	0.25	0.131	0.447	0.003	0.46	0.581	0.442	0.379	0.001	0.438	0.418	0.599	0.459	0.072	0.368	0.499	0.52	0.561	0.501	0.273	0.034	0.518	0.568	0.469	0.001	0.115	0.582	0.553	0.493	0.476	0.441	0.627	0.537	0.001	0.003	0.004	0	0.002	0.001	0	0.412	0.513	0.472	0.45	0.542	0.577	0.503	0.556	0.468	0.329	0.483	0.433	0.427
11	0	0.69	0.626	0.729	0.764	0.714	0.72	0.685	0.6	0.672	0.622	0.521	0.704	0	0.739	0.748	0.5	0.569	0.73	0.946	0.206	1.565	0.679	0.64	0.76	0.612	0.553	0.725	0.754	0.643	0.176	0.545	0.001	0.375	0.056	0.735	0.734	0.687	0.272	0.75	0.001	0.146	0.79	0.303	0.201	0.628	0.003	0.658	0.742	0.646	0.561	0.001	0.574	0.622	0.746	0.659	0.116	0.546	0.68	0.704	0.737	0.69	0.309	0.038	0.726	0.684	0.663	0.001	0.175	0.81	0.739	0.689	0.671	0.656	0.869	0.719	0.002	0.003	0.007	0	0.001	0.001	0	0.619	0.692	0.683	0.652	0.74	0.755	0.683	0.734	0.689	0.513	0.686	0.64	0.627
12	-0.002	0.809	0.751	0.83	0.841	0.8	0.818	0.801	0.731	0.784	0.776	0.695	0.812	0	0.837	0.866	0.692	0.731	0.86	1.033	0.281	1.844	0.81	0.773	0.838	0.762	0.717	0.863	0.864	0.774	0.256	0.737	-0.002	0.543	0.064	0.843	0.829	0.834	0.341	0.875	-0.002	0.06	0.897	0.348	0.299	0.803	0	0.788	0.835	0.797	0.75	-0.002	0.713	0.777	0.822	0.831	0.187	0.745	0.816	0.809	0.843	0.845	0.335	0.039	0.877	0.778	0.818	-0.001	0.285	0.908	0.858	0.812	0.798	0.819	1.038	0.859	-0.002	-0.002	0.004	-0.002	-0.002	-0.001	-0.002	0.779	0.81	0.817	0.785	0.852	0.86	0.792	0.843	0.812	0.713	0.817	0.787	0.763
13	0.001	0.866	0.815	0.891	0.902	0.85	0.874	0.874	0.812	0.852	0.872	0.793	0.876	0	0.893	0.942	0.842	0.841	0.939	1.061	0.392	1.893	0.906	0.851	0.887	0.866	0.819	0.944	0.947	0.869	0.384	0.869	0.001	0.753	0.076	0.904	0.886	0.926	0.43	0.961	0.001	0.085	0.954	0.385	0.387	0.914	0.003	0.865	0.888	0.899	0.881	0.001	0.83	0.873	0.901	0.927	0.31	0.899	0.918	0.879	0.895	0.937	0.363	0.053	0.976	0.829	0.912	0.001	0.393	0.946	0.94	0.895	0.883	0.932	1.073	0.96	0	0.001	0.007	0	0.001	0.001	0.001	0.872	0.868	0.899	0.864	0.926	0.928	0.856	0.901	0.89	0.842	0.895	0.879	0.842
14	-0.003	0.894	0.846	0.918	0.906	0.85	0.883	0.896	0.853	0.877	0.91	0.847	0.889	0	0.899	0.963	0.921	0.902	0.957	1.103	0.512	1.923	0.937	0.886	0.89	0.909	0.864	0.974	0.959	0.899	0.53	0.953	-0.002	0.842	0.086	0.923	0.896	0.966	0.484	0.985	-0.002	0.194	0.974	0.412	0.486	0.963	0	0.896	0.898	0.919	0.957	-0.002	0.91	0.92	0.881	0.976	0.481	0.993	0.965	0.896	0.914	0.986	0.379	0.061	1.007	0.83	0.965	-0.002	0.506	0.986	0.983	0.924	0.911	0.999	1.112	1	-0.002	0.001	0.004	-0.003	-0.002	-0.002	-0.003	0.916	0.891	0.93	0.893	0.948	0.936	0.872	0.92	0.922	0.903	0.934	0.923	0.872
15	-0.003	0.877	0.845	0.91	0.898	0.845	0.88	0.888	0.857	0.875	0.91	0.859	0.881	0	0.891	0.957	0.963	0.917	0.953	1.145	0.661	1.913	0.931	0.883	0.882	0.93	0.869	0.971	0.95	0.886	0.718	1.006	-0.002	0.929	0.098	0.915	0.881	0.969	0.567	0.969	-0.002	0.119	0.972	0.437	0.583	0.986	0	0.885	0.887	0.921	0.981	-0.002	0.958	0.913	0.834	0.959	0.674	0.92	0.978	0.88	0.909	0.978	0.394	0.067	0.991	0.827	1.012	-0.002	0.622	0.951	0.981	0.917	0.899	1.012	1.148	1.009	-0.003	0.001	0.003	-0.003	-0.002	-0.002	-0.003	0.918	0.884	0.927	0.887	0.939	0.933	0.859	0.913	0.919	0.925	0.925	0.922	0.867
16	-0.002	0.884	0.848	0.918	0.903	0.858	0.886	0.884	0.863	0.878	0.905	0.854	0.882	0	0.902	0.958	0.957	0.931	0.964	1.184	0.805	1.924	0.937	0.877	0.886	0.94	0.881	0.981	0.95	0.886	0.833	1.041	-0.002	0.926	0.117	0.912	0.889	0.97	0.661	0.982	-0.002	0.064	0.993	0.47	0.687	0.996	0	0.874	0.891	0.912	0.98	-0.002	0.984	0.922	0.95	0.965	0.849	0.915	0.98	0.872	0.911	0.983	0.441	0.085	1.001	0.836	1.018	-0.001	0.77	0.995	0.988	0.914	0.906	1.026	1.186	1.012	-0.003	0.001	0.003	-0.003	-0.002	-0.002	-0.002	0.912	0.883	0.931	0.887	0.945	0.941	0.861	0.92	0.922	0.919	0.929	0.914	0.861
17	-0.002	0.89	0.856	0.921	0.911	0.862	0.897	0.888	0.866	0.886	0.913	0.858	0.882	0	0.912	0.965	0.961	0.942	0.975	1.218	0.922	1.936	0.943	0.884	0.897	0.944	0.887	0.992	0.96	0.896	0.934	1.035	-0.002	0.938	0.137	0.92	0.882	0.978	0.767	0.996	-0.002	0.181	1.005	0.506	0.78	1.004	0	0.874	0.895	0.909	0.992	-0.002	0.994	0.939	0.968	0.972	0.937	0.92	0.989	0.877	0.922	0.989	0.463	0.104	1.006	0.841	1.021	-0.001	0.903	1.009	0.999	0.915	0.91	1.047	1.221	1.036	-0.003	-0.002	0.004	-0.003	-0.002	-0.002	-0.002	0.913	0.888	0.938	0.894	0.951	0.947	0.864	0.924	0.929	0.925	0.938	0.919	0.859
18	-0.003	0.895	0.862	0.934	0.896	0.868	0.907	0.901	0.872	0.897	0.917	0.862	0.905	0	0.924	0.976	0.971	0.962	0.992	1.242	0.968	1.963	0.951	0.893	0.902	0.937	0.896	1.005	0.973	0.905	0.951	1.041	-0.003	0.948	0.156	0.931	0.896	0.987	0.854	1.003	-0.002	0.181	1.019	0.54	0.864	1.011	-0.001	0.876	0.897	0.916	1.005	-0.002	1.01	0.95	0.936	0.988	0.984	0.926	0.995	0.881	0.931	1.004	0.458	0.111	1.02	0.853	1.028	-0.002	0.995	1.021	1.017	0.924	0.919	1.075	1.254	1.042	-0.003	-0.001	0.004	-0.003	-0.002	-0.002	-0.003	0.92	0.897	0.942	0.9	0.96	0.953	0.874	0.937	0.937	0.935	0.948	0.927	0.861
19	-0.003	0.909	0.873	0.945	0.924	0.883	0.919	0.914	0.887	0.909	0.932	0.87	0.919	0	0.939	0.993	0.993	0.995	1.007	1.274	1	1.968	0.972	0.903	0.917	0.937	0.907	1.028	0.979	0.924	0.953	1.057	-0.002	0.948	0.176	0.948	0.912	1.009	0.877	1.023	-0.002	0.062	1.044	0.573	0.95	1.029	-0.001	0.885	0.913	0.904	1.029	-0.002	1.03	0.973	0.906	1.004	0.988	0.967	1.013	0.886	0.949	1.019	0.476	0.137	1.04	0.871	1.051	-0.002	1.01	1.075	1.035	0.937	0.932	1.105	1.284	1.068	-0.003	0.001	0.001	-0.003	-0.002	-0.002	-0.003	0.931	0.906	0.955	0.911	0.975	0.972	0.89	0.948	0.952	0.946	0.956	0.943	0.868
20	-0.003	0.927	0.892	0.963	0.932	0.905	0.935	0.927	0.906	0.919	0.951	0.883	0.938	0	0.957	1.016	1.014	1.024	1.043	1.305	1.026	1.33	0.995	0.922	0.934	0.948	0.926	1.043	1.006	0.944	0.94	1.08	-0.003	0.966	0.203	0.964	0.932	1.028	0.904	1.051	-0.002	0.118	1.068	0.621	1.032	1.048	-0.001	0.898	0.93	0.907	1.052	-0.002	1.054	1.003	1.136	1.022	0.991	0.941	1.033	0.9	0.967	1.038	0.494	0.161	1.066	0.906	1.079	-0.002	1.035	1.09	1.056	0.956	0.949	1.135	1.311	1.096	-0.003	0.001	0.005	-0.003	-0.003	-0.002	-0.003	0.947	0.92	0.974	0.932	0.995	0.993	0.907	0.963	0.97	0.964	0.975	0.963	0.879
21	-0.002	0.952	0.913	0.982	0.956	0.923	0.957	0.96	0.925	0.946	0.974	0.895	0.956	0	0.973	1.04	1.05	1.054	1.069	1.321	1.063	1.959	1.022	0.943	0.954	0.961	0.95	1.071	1.019	0.968	0.936	1.106	-0.002	0.986	0.245	0.984	0.954	1.05	0.937	1.076	-0.001	0.064	1.089	0.667	1.057	1.072	0	0.912	0.95	0.92	1.074	-0.001	1.085	1.03	1.041	1.048	0.999	1.01	1.057	0.915	0.99	1.063	0.506	0.174	1.089	0.947	1.106	-0.001	1.064	1.133	1.085	0.979	0.969	1.164	1.34	1.144	-0.002	0.002	0.004	-0.002	-0.002	-0.001	-0.002	0.966	0.941	0.992	0.954	1.015	1.016	0.929	0.984	0.992	0.986	0.999	0.984	0.892
22	-0.002	0.975	0.942	1.004	0.994	0.946	0.981	0.983	0.949	0.971	1.001	0.914	0.979	0	0.995	1.063	1.081	1.077	1.101	1.356	1.099	1.942	1.047	0.965	0.977	0.983	0.977	1.102	1.043	0.999	0.954	1.132	-0.003	1.027	0.279	1.004	0.978	1.08	0.975	1.105	-0.002	0.285	1.118	0.722	1.076	1.094	-0.001	0.926	0.968	0.917	1.098	-0.002	1.109	1.055	1.032	1.078	1.016	1.131	1.084	0.928	1.013	1.09	0.533	0.206	1.121	0.979	1.134	-0.002	1.095	1.144	1.111	0.997	0.989	1.189	1.366	1.163	-0.003	0.002	0.004	-0.003	-0.002	-0.002	-0.002	0.985	0.96	1.018	0.979	1.042	1.043	0.949	1.006	1.012	1.011	1.024	1.008	0.902
23	-0.002	0.996	0.965	1.032	1.018	0.971	1.01	1.008	0.976	0.997	1.024	0.935	0.999	0	1.022	1.092	1.109	1.103	1.127	1.373	1.123	1.937	1.072	0.986	0.999	1.002	1.002	1.13	1.07	1.023	0.988	1.162	-0.002	1.04	0.321	1.028	1.004	1.104	1.018	1.132	-0.002	0.087	1.145	0.78	1.111	1.119	0	0.942	0.995	0.923	1.129	-0.002	1.132	1.086	1.053	1.106	1.043	1.093	1.106	0.939	1.04	1.108	0.546	0.241	1.143	1.004	1.163	-0.002	1.127	1.171	1.137	1.019	1.017	1.211	1.388	1.178	-0.003	0.001	0.003	-0.003	-0.002	-0.002	-0.003	1.008	0.979	1.046	1.005	1.064	1.066	0.974	1.03	1.037	1.032	1.05	1.033	0.919
24	-0.002	1.015	0.995	1.058	1.044	0.994	1.033	1.036	1.002	1.021	1.046	0.951	1.02	0	1.049	1.124	1.134	1.126	1.153	1.395	1.155	1.933	1.102	1.009	1.019	1.03	1.028	1.157	1.1	1.049	1.01	1.195	-0.002	1.077	0.365	1.046	1.025	1.134	1.057	1.16	-0.002	0.073	1.168	0.82	1.141	1.149	-0.001	0.951	1.012	0.933	1.151	-0.002	1.155	1.113	1.188	1.137	1.077	1.155	1.135	0.949	1.058	1.135	0.564	0.278	1.179	1.027	1.189	-0.002	1.169	1.198	1.165	1.036	1.039	1.235	1.41	1.187	-0.003	0.002	0.004	-0.003	-0.003	-0.002	-0.003	1.028	1.001	1.068	1.03	1.09	1.091	0.996	1.059	1.065	1.058	1.073	1.054	0.926
25	-0.003	1.038	1.012	1.075	1.067	1.016	1.054	1.057	1.025	1.044	1.068	0.971	1.041	0	1.079	1.149	1.154	1.145	1.175	1.417	1.183	1.931	1.131	1.027	1.035	1.047	1.054	1.185	1.124	1.078	1.029	1.225	-0.002	1.118	0.407	1.065	1.043	1.155	1.102	1.18	-0.002	0.025	1.195	0.83	1.174	1.178	-0.001	0.961	1.036	0.941	1.179	-0.002	1.18	1.137	1.043	1.16	1.093	1.147	1.157	0.958	1.077	1.158	0.578	0.319	1.206	1.047	1.216	-0.002	1.194	1.22	1.189	1.057	1.064	1.256	1.433	1.22	-0.003	0.001	0.002	-0.003	-0.002	-0.002	-0.003	1.045	1.017	1.088	1.048	1.11	1.115	1.017	1.072	1.087	1.082	1.093	1.077	0.938
26	-0.002	1.062	1.029	1.09	1.08	1.029	1.071	1.074	1.047	1.067	1.094	0.99	1.058	0	1.097	1.172	1.181	1.169	1.197	1.421	1.21	1.93	1.155	1.049	1.052	1.065	1.077	1.205	1.15	1.099	1.05	1.258	-0.002	1.127	0.461	1.081	1.065	1.175	1.138	1.196	-0.002	0.042	1.213	0.851	1.204	1.194	-0.001	0.968	1.055	0.95	1.205	-0.002	1.198	1.163	1.096	1.182	1.124	1.186	1.181	0.965	1.098	1.183	0.591	0.36	1.231	1.065	1.237	-0.002	1.225	1.242	1.213	1.078	1.085	1.28	1.453	1.243	-0.003	0.002	0.002	-0.003	-0.002	-0.002	-0.003	1.065	1.033	1.11	1.069	1.131	1.138	1.038	1.099	1.109	1.106	1.117	1.096	0.949
27	-0.003	1.086	1.048	1.11	1.105	1.05	1.091	1.091	1.067	1.089	1.112	1.008	1.078	0	1.127	1.197	1.204	1.199	1.222	1.463	1.239	1.928	1.181	1.069	1.071	1.085	1.105	1.226	1.175	1.132	1.078	1.282	-0.002	1.163	0.524	1.097	1.086	1.198	1.17	1.222	-0.002	0.07	1.237	0.89	1.216	1.213	-0.001	0.972	1.072	0.964	1.227	-0.002	1.226	1.189	1.16	1.206	1.158	1.186	1.201	0.974	1.122	1.204	0.607	0.416	1.256	1.084	1.263	-0.002	1.251	1.264	1.239	1.096	1.105	1.304	1.472	1.253	-0.003	0.001	0.003	-0.003	-0.003	-0.002	-0.003	1.083	1.048	1.129	1.094	1.154	1.166	1.06	1.116	1.129	1.128	1.136	1.114	0.957
28	-0.003	1.106	1.065	1.134	1.123	1.071	1.108	1.114	1.085	1.104	1.132	1.024	1.097	0	1.143	1.227	1.226	1.222	1.243	1.482	1.264	1.929	1.198	1.085	1.087	1.11	1.128	1.249	1.198	1.155	1.094	1.304	-0.002	1.191	0.601	1.113	1.102	1.218	1.2	1.246	-0.002	0.06	1.258	0.937	1.247	1.234	-0.001	0.978	1.089	0.973	1.253	-0.002	1.255	1.209	1.178	1.231	1.183	1.231	1.222	0.977	1.144	1.225	0.622	0.479	1.274	1.106	1.284	-0.002	1.276	1.263	1.259	1.111	1.125	1.325	1.49	1.299	-0.003	0.002	0.003	-0.003	-0.003	-0.002	-0.003	1.099	1.065	1.149	1.11	1.176	1.189	1.081	1.135	1.147	1.148	1.157	1.133	0.966
29	-0.003	1.13	1.079	1.159	1.14	1.09	1.127	1.127	1.104	1.126	1.15	1.039	1.114	0	1.167	1.248	1.247	1.243	1.265	1.499	1.28	1.928	1.224	1.106	1.109	1.129	1.151	1.27	1.221	1.175	1.109	1.324	-0.002	1.216	0.687	1.129	1.121	1.24	1.23	1.26	-0.002	0.015	1.274	0.979	1.262	1.252	0	0.981	1.107	0.993	1.275	-0.002	1.269	1.233	1.141	1.251	1.207	1.234	1.242	0.976	1.161	1.245	0.634	0.527	1.291	1.119	1.304	-0.002	1.302	1.308	1.279	1.128	1.14	1.343	1.506	1.309	-0.003	0.001	0.003	-0.003	-0.002	-0.002	-0.003	1.115	1.079	1.172	1.133	1.189	1.208	1.1	1.157	1.165	1.168	1.176	1.153	0.973
30	-0.003	1.143	1.094	1.173	1.155	1.107	1.143	1.162	1.117	1.143	1.168	1.051	1.129	0	1.189	1.269	1.264	1.266	1.289	1.515	1.298	1.929	1.246	1.122	1.127	1.148	1.175	1.29	1.242	1.205	1.138	1.345	-0.002	1.241	0.761	1.142	1.14	1.259	1.256	1.287	-0.002	0.012	1.294	1.02	1.279	1.275	-0.001	0.983	1.123	1.012	1.297	-0.002	1.294	1.257	1.229	1.273	1.229	1.274	1.263	0.975	1.183	1.27	0.644	0.588	1.32	1.136	1.323	-0.002	1.335	1.324	1.298	1.142	1.161	1.364	1.522	1.341	-0.003	0.002	0.002	-0.003	-0.003	-0.002	-0.003	1.13	1.094	1.191	1.153	1.212	1.224	1.119	1.171	1.183	1.187	1.196	1.171	0.976
31	-0.003	1.157	1.111	1.188	1.168	1.127	1.159	1.168	1.134	1.159	1.186	1.064	1.148	0	1.212	1.293	1.284	1.29	1.309	1.523	1.318	1.929	1.267	1.139	1.138	1.168	1.2	1.309	1.266	1.225	1.147	1.366	-0.002	1.277	0.822	1.153	1.156	1.276	1.281	1.303	-0.002	0.003	1.313	1.186	1.306	1.29	-0.001	0.985	1.138	1.023	1.318	-0.002	1.312	1.278	1.215	1.294	1.248	1.38	1.284	0.979	1.201	1.288	0.652	0.643	1.342	1.154	1.342	-0.003	1.351	1.34	1.32	1.155	1.179	1.382	1.537	1.356	-0.003	-0.001	0.002	-0.003	-0.003	-0.002	-0.003	1.142	1.104	1.207	1.173	1.227	1.247	1.142	1.19	1.205	1.206	1.214	1.189	0.981
32	-0.002	1.179	1.133	1.204	1.19	1.147	1.174	1.181	1.159	1.173	1.202	1.077	1.166	0	1.237	1.315	1.304	1.314	1.337	1.544	1.344	1.929	1.286	1.157	1.156	1.187	1.218	1.341	1.289	1.251	1.174	1.386	-0.002	1.294	0.88	1.167	1.173	1.294	1.303	1.319	-0.002	0.001	1.333	1.249	1.326	1.304	-0.001	0.988	1.157	1.039	1.342	-0.002	1.328	1.302	1.206	1.314	1.274	1.436	1.302	0.971	1.216	1.311	0.655	0.722	1.361	1.168	1.363	-0.002	1.366	1.363	1.343	1.177	1.196	1.402	1.551	1.371	-0.003	-0.002	0.003	-0.003	-0.002	-0.002	-0.003	1.162	1.12	1.226	1.194	1.248	1.266	1.158	1.209	1.221	1.225	1.233	1.21	0.979
33	-0.003	1.196	1.15	1.221	1.208	1.165	1.189	1.201	1.177	1.188	1.219	1.092	1.178	0	1.261	1.334	1.325	1.335	1.355	1.552	1.371	1.929	1.309	1.177	1.168	1.202	1.241	1.358	1.311	1.274	1.195	1.408	-0.002	1.321	0.935	1.182	1.19	1.314	1.325	1.337	-0.002	0.206	1.358	1.285	1.353	1.326	-0.001	0.982	1.172	1.058	1.364	-0.002	1.35	1.324	1.282	1.338	1.301	1.462	1.32	0.963	1.238	1.33	0.661	0.795	1.387	1.184	1.381	-0.002	1.381	1.382	1.366	1.186	1.211	1.42	1.568	1.391	-0.003	-0.001	0.001	-0.003	-0.002	-0.002	-0.002	1.173	1.132	1.242	1.213	1.265	1.289	1.178	1.225	1.239	1.241	1.254	1.227	0.972
34	-0.003	1.21	1.167	1.236	1.218	1.181	1.214	1.219	1.195	1.207	1.244	1.111	1.193	0	1.282	1.355	1.341	1.355	1.378	1.569	1.395	1.929	1.324	1.197	1.183	1.222	1.261	1.381	1.334	1.301	1.213	1.427	-0.002	1.349	0.977	1.195	1.211	1.334	1.348	1.36	-0.002	0.058	1.376	1.32	1.375	1.343	-0.001	0.974	1.188	1.069	1.385	-0.002	1.37	1.347	1.244	1.362	1.322	1.448	1.337	0.95	1.251	1.35	0.682	0.878	1.413	1.199	1.404	-0.002	1.401	1.404	1.385	1.19	1.226	1.437	1.582	1.418	-0.003	0.001	0.002	-0.003	-0.002	-0.002	-0.003	1.177	1.148	1.258	1.23	1.279	1.308	1.2	1.243	1.258	1.264	1.274	1.247	0.959
35	-0.003	1.228	1.188	1.251	1.235	1.197	1.232	1.233	1.215	1.226	1.258	1.11	1.211	0	1.302	1.372	1.36	1.379	1.398	1.583	1.413	1.93	1.347	1.215	1.2	1.24	1.286	1.403	1.353	1.325	1.226	1.447	-0.002	1.361	1.019	1.212	1.228	1.351	1.367	1.382	-0.002	0.063	1.399	1.355	1.398	1.362	0	0.964	1.203	1.09	1.41	-0.002	1.396	1.367	1.283	1.382	1.347	1.511	1.355	0.937	1.268	1.371	0.697	0.961	1.433	1.217	1.421	-0.002	1.423	1.425	1.408	1.197	1.245	1.455	1.599	1.442	-0.003	-0.002	0.002	-0.003	-0.002	-0.002	-0.002	1.181	1.163	1.279	1.248	1.296	1.326	1.219	1.26	1.278	1.284	1.291	1.264	0.951
36	-0.003	1.246	1.212	1.268	1.246	1.216	1.247	1.252	1.235	1.24	1.278	1.109	1.223	0	1.324	1.393	1.379	1.398	1.42	1.589	1.437	1.929	1.37	1.224	1.213	1.259	1.306	1.422	1.378	1.35	1.251	1.467	-0.002	1.388	1.058	1.222	1.245	1.369	1.386	1.396	-0.002	0.113	1.668	1.363	1.416	1.378	-0.001	0.952	1.22	1.098	1.426	-0.002	1.413	1.391	1.292	1.404	1.367	1.487	1.374	0.925	1.288	1.391	0.703	1.023	1.445	1.23	1.438	-0.002	1.443	1.438	1.429	1.198	1.264	1.471	1.611	1.453	-0.003	0.002	0.003	-0.003	-0.002	-0.002	-0.003	1.186	1.18	1.298	1.27	1.314	1.346	1.237	1.276	1.299	1.306	1.31	1.276	0.943
37	-0.003	1.265	1.232	1.283	1.265	1.232	1.261	1.269	1.247	1.26	1.295	1.109	1.242	0	1.345	1.416	1.391	1.416	1.44	1.604	1.455	1.929	1.392	1.229	1.229	1.272	1.328	1.438	1.397	1.369	1.276	1.486	-0.002	1.41	1.092	1.229	1.262	1.392	1.405	1.422	-0.002	0.146	1.674	1.395	1.43	1.395	-0.001	0.941	1.237	1.115	1.446	-0.002	1.431	1.409	1.302	1.422	1.386	1.499	1.392	0.911	1.302	1.411	0.709	1.108	1.469	1.242	1.452	-0.002	1.458	1.454	1.446	1.201	1.282	1.484	1.625	1.471	-0.003	0.001	0.003	-0.003	-0.003	-0.002	-0.003	1.187	1.189	1.315	1.29	1.331	1.368	1.254	1.294	1.317	1.324	1.325	1.285	0.932
38	-0.003	1.282	1.253	1.292	1.278	1.249	1.278	1.287	1.264	1.277	1.314	1.107	1.253	0	1.364	1.443	1.412	1.435	1.457	1.62	1.477	1.928	1.411	1.238	1.25	1.293	1.352	1.456	1.422	1.392	1.266	1.503	-0.002	1.429	1.13	1.236	1.28	1.606	1.425	1.436	-0.002	0.033	1.691	1.296	1.447	1.413	-0.001	0.926	1.255	1.13	1.466	-0.002	1.442	1.43	1.314	1.442	1.407	1.527	1.411	0.891	1.319	1.431	0.724	1.402	1.491	1.258	1.468	-0.002	1.474	1.471	1.459	1.201	1.296	1.501	1.639	1.492	-0.003	-0.002	0.004	-0.003	-0.002	-0.002	-0.002	1.189	1.202	1.332	1.307	1.35	1.386	1.273	1.307	1.334	1.342	1.343	1.293	0.919
39	-0.003	1.3	1.265	1.309	1.296	1.263	1.298	1.305	1.284	1.291	1.322	1.106	1.271	0	1.385	1.45	1.425	1.452	1.476	1.633	1.494	1.929	1.434	1.243	1.264	1.303	1.369	1.474	1.441	1.41	1.543	1.519	-0.002	1.444	1.164	1.241	1.295	1.587	1.443	1.453	-0.002	0.269	1.714	1.302	1.459	1.425	-0.001	0.903	1.268	1.15	1.479	-0.002	1.457	1.445	1.33	1.458	1.429	1.561	1.419	0.871	1.33	1.447	0.728	1.416	1.505	1.268	1.485	-0.003	1.486	1.483	1.467	1.199	1.311	1.517	1.65	1.505	-0.003	-0.001	0.004	-0.003	-0.002	-0.002	-0.003	1.189	1.214	1.349	1.322	1.368	1.405	1.288	1.323	1.351	1.359	1.355	1.299	0.904
40	-0.003	1.319	1.283	1.321	1.315	1.279	1.308	1.321	1.298	1.31	1.331	1.106	1.284	0	1.4	1.467	1.444	1.464	1.491	1.844	1.516	1.928	1.454	1.25	1.279	1.318	1.389	1.485	1.458	1.426	1.537	1.533	-0.002	1.461	1.196	1.247	1.31	1.61	1.465	1.469	-0.002	-0.002	1.714	1.365	1.478	1.445	0	0.887	1.286	1.161	1.492	-0.002	1.472	1.462	1.349	1.474	1.45	1.549	1.428	0.853	1.347	1.463	0.742	1.428	1.526	1.284	1.495	-0.002	1.509	1.501	1.472	1.197	1.327	1.533	1.665	1.525	-0.003	0.002	0.001	-0.003	-0.002	-0.002	-0.002	1.186	1.222	1.367	1.339	1.386	1.422	1.304	1.334	1.37	1.375	1.371	1.305	0.895