3016
3016
3016
3016
3016
3016
3016
3016
3016
3016
3016
3016
3016
978
3287
3202
3289
1177
1188
3059
3298
3092
3161
3016
3016
2506
2798
3256
2690
3228
3296
3245
978
2794
3282
3016
3016
3286
3290
30161
978
2504
3284
3068
2911
2525
978
3016
3016
3191
3203
978
3285
1200
3247
3198
30162
3272
3088
3016
3016
2728
2919
3288
30163
3254
3291
978
3275
2800
3283
3016
3016
3241
2682
1156
978
978
978
978
978
978
978
978
3016
3016
3016
3016
3016
3016
3016
3016
3016
3016
3016
3016