3016
3016
3016
3016
3016
3016
3016
3016
3016
3016
3016
3016
3016
978
1156
1177
1188
1200
2504
2506
2525
2682
2690
978
978
2728
2794
2798
2800
2911
2919
30161
978
30162
30163
978
978
3059
3068
3088
978
3092
3161
3191
3198
3202
978
978
978
3203
3228
978
3241
3245
3247
3254
3256
3272
3275
978
978
3282
3283
3284
3285
3286
3287
978
3288
3289
3290
978
978
3291
3296
3298
978
978
978
978
978
978
978
978
3016
3016
3016
3016
3016
3016
3016
3016
3016
3016
3016
3016