3016
3016
3016
3016
3016
3016
3016
3016
3016
3016
3016
3016
3016
978
3296
3092
3287
3290
3068
2911
3059
3245
3203
3016
3016
3254
3161
2798
30161
3191
1188
30162
978
3286
30163
3016
3016
3256
2682
3284
978
2728
2794
3088
2525
3291
978
3016
3016
2800
3247
978
3283
3198
1156
1177
3275
3298
2506
3016
3016
1200
3272
3282
3285
2690
3241
978
2504
3228
2919
3016
3016
3289
3288
3202
978
978
978
978
978
978
978
978
3016
3016
3016
3016
3016
3016
3016
3016
3016
3016
3016
3016