3016
3016
3016
3016
3016
3016
3016
3016
3016
3016
3016
3016
978
978
1156
1177
3088
3254
2919
3275
3288
3291
3241
978
978
3161
3228
3092
3068
3298
3282
3245
978
30161
30162
978
978
1188
2506
2690
978
30163
3191
3287
2798
3198
978
978
978
2911
2794
978
3256
3285
3290
3059
2504
3247
2525
978
978
3289
3203
2682
3286
3283
3202
978
3296
1200
2800
978
978
3272
2728
3284
978
978
978
978
978
978
978
978
3016
3016
3016
3016
3016
3016
3016
3016
3016
3016
3016
3016